Y	X	value
1	1	0
1	2	2
1	3	0
1	4	0
1	5	0
1	6	0
1	7	0
1	8	0
1	9	2
1	10	2
1	11	2
1	12	2
1	13	0
1	14	2
1	15	2
1	16	2
1	17	2
1	18	2
1	19	0
1	20	0
1	21	2
1	22	2
1	23	2
1	24	0
1	25	2
1	26	0
1	27	0
1	28	2
1	29	0
1	30	2
1	31	0
1	32	0
1	33	2
1	34	2
1	35	0
1	36	0
1	37	0
1	38	2
1	39	2
1	40	0
1	41	2
1	42	2
1	43	0
1	44	0
1	45	0
1	46	0
1	47	0
1	48	2
1	49	2
1	50	0
1	51	2
1	52	2
1	53	0
1	54	0
1	55	2
1	56	2
1	57	2
1	58	2
1	59	2
1	60	2
1	61	0
1	62	0
1	63	2
1	64	0
1	65	2
1	66	2
1	67	0
1	68	0
1	69	0
1	70	2
1	71	2
1	72	0
1	73	2
1	74	2
1	75	2
1	76	2
1	77	2
1	78	2
1	79	2
1	80	0
1	81	0
1	82	0
1	83	2
1	84	0
1	85	0
1	86	0
1	87	0
1	88	2
1	89	2
1	90	2
1	91	2
1	92	2
1	93	0
1	94	0
1	95	2
1	96	2
1	97	2
1	98	2
1	99	0
1	100	2
1	101	0
1	102	2
1	103	0
1	104	2
1	105	2
1	106	2
1	107	0
1	108	0
1	109	0
1	110	2
1	111	2
1	112	2
1	113	2
1	114	2
1	115	2
1	116	0
1	117	0
1	118	2
1	119	0
1	120	2
1	121	0
1	122	0
1	123	2
1	124	0
1	125	0
1	126	2
1	127	2
1	128	0
1	129	2
1	130	2
1	131	2
1	132	0
1	133	0
1	134	0
1	135	2
1	136	0
1	137	2
1	138	0
1	139	0
1	140	0
1	141	0
1	142	0
1	143	2
1	144	2
1	145	0
1	146	0
1	147	2
1	148	0
1	149	2
1	150	2
1	151	0
1	152	2
1	153	0
1	154	2
1	155	2
1	156	0
1	157	0
1	158	0
1	159	0
1	160	0
1	161	0
1	162	0
1	163	2
1	164	2
1	165	0
1	166	2
1	167	0
1	168	0
1	169	0
1	170	0
1	171	2
1	172	0
1	173	2
1	174	2
1	175	2
1	176	2
1	177	0
1	178	2
1	179	2
1	180	2
1	181	2
1	182	0
1	183	0
1	184	0
1	185	0
1	186	0
1	187	2
1	188	2
1	189	0
1	190	2
1	191	0
1	192	2
1	193	2
1	194	0
1	195	0
1	196	2
1	197	0
1	198	2
1	199	0
1	200	0
1	201	2
1	202	2
1	203	2
1	204	2
1	205	0
1	206	0
1	207	2
1	208	0
1	209	0
1	210	0
1	211	0
1	212	0
1	213	2
1	214	0
1	215	2
1	216	0
1	217	2
1	218	2
1	219	0
1	220	0
1	221	2
1	222	2
1	223	2
1	224	0
1	225	0
1	226	2
1	227	0
1	228	2
1	229	0
1	230	0
1	231	2
1	232	2
1	233	2
1	234	2
1	235	2
1	236	0
1	237	0
1	238	2
1	239	2
1	240	2
1	241	0
1	242	2
1	243	0
1	244	2
1	245	0
1	246	0
1	247	2
1	248	0
1	249	2
1	250	0
1	251	0
1	252	2
1	253	0
1	254	0
1	255	2
1	256	2
1	257	2
1	258	2
1	259	0
1	260	0
1	261	0
1	262	2
1	263	2
1	264	2
1	265	2
1	266	0
1	267	2
1	268	2
1	269	2
1	270	0
1	271	2
1	272	2
1	273	2
1	274	0
1	275	2
1	276	2
1	277	0
1	278	2
1	279	0
1	280	2
1	281	0
1	282	2
1	283	2
1	284	2
1	285	0
1	286	2
1	287	0
1	288	0
1	289	2
1	290	0
1	291	2
1	292	2
1	293	0
1	294	2
1	295	2
1	296	2
1	297	2
1	298	0
1	299	2
1	300	2
1	301	2
1	302	2
1	303	0
1	304	0
1	305	0
1	306	2
1	307	2
1	308	0
1	309	2
1	310	2
1	311	2
1	312	2
1	313	2
1	314	0
1	315	2
1	316	2
1	317	2
1	318	2
1	319	0
1	320	0
1	321	2
1	322	0
1	323	2
1	324	0
1	325	2
1	326	0
1	327	2
1	328	0
1	329	2
1	330	2
1	331	0
1	332	0
1	333	2
1	334	0
1	335	2
1	336	2
1	337	2
1	338	0
1	339	2
1	340	0
1	341	0
1	342	2
1	343	0
1	344	2
1	345	2
1	346	2
1	347	2
1	348	2
1	349	2
1	350	0
1	351	2
1	352	0
1	353	0
1	354	0
1	355	0
1	356	0
1	357	0
1	358	2
1	359	2
1	360	2
1	361	0
1	362	2
1	363	0
1	364	2
1	365	0
1	366	2
1	367	0
1	368	0
1	369	2
1	370	0
1	371	2
1	372	0
1	373	0
1	374	2
1	375	0
1	376	2
1	377	0
1	378	2
1	379	0
1	380	2
1	381	2
1	382	2
1	383	0
1	384	0
1	385	0
1	386	0
1	387	0
1	388	2
1	389	0
1	390	0
1	391	2
1	392	2
1	393	2
1	394	2
1	395	0
1	396	0
1	397	2
1	398	0
1	399	2
1	400	2
1	401	2
1	402	2
1	403	2
1	404	2
1	405	0
1	406	2
1	407	2
1	408	0
1	409	0
1	410	0
1	411	0
1	412	0
1	413	0
1	414	0
1	415	0
1	416	0
1	417	2
1	418	2
1	419	0
1	420	0
1	421	2
1	422	2
1	423	0
1	424	2
1	425	0
1	426	2
1	427	0
1	428	0
1	429	0
1	430	0
1	431	2
1	432	2
1	433	2
1	434	0
1	435	2
1	436	2
1	437	2
1	438	2
1	439	2
1	440	0
1	441	2
1	442	2
1	443	2
1	444	0
1	445	0
1	446	2
1	447	2
1	448	2
1	449	2
1	450	0
1	451	2
1	452	2
1	453	2
1	454	0
1	455	2
1	456	0
1	457	0
1	458	0
1	459	0
1	460	0
1	461	2
1	462	2
1	463	0
1	464	2
1	465	0
1	466	2
1	467	2
1	468	0
1	469	2
1	470	2
1	471	2
1	472	0
1	473	2
1	474	0
1	475	2
1	476	0
1	477	0
1	478	2
1	479	2
1	480	2
1	481	0
1	482	2
1	483	0
1	484	2
1	485	2
1	486	2
1	487	0
1	488	2
1	489	0
1	490	2
1	491	2
1	492	2
1	493	0
1	494	0
1	495	0
1	496	2
1	497	0
1	498	2
1	499	0
1	500	2
1	501	0
1	502	2
1	503	2
1	504	2
1	505	2
1	506	0
1	507	2
1	508	2
1	509	2
1	510	0
1	511	2
1	512	2
1	513	0
1	514	0
1	515	0
1	516	2
1	517	0
1	518	2
1	519	2
1	520	0
1	521	2
1	522	0
1	523	2
1	524	0
1	525	2
1	526	0
1	527	0
1	528	2
1	529	0
1	530	0
1	531	2
1	532	0
1	533	2
1	534	0
1	535	2
1	536	0
1	537	0
1	538	0
1	539	0
1	540	2
1	541	2
1	542	0
1	543	2
1	544	0
1	545	2
1	546	2
1	547	0
1	548	0
1	549	0
1	550	0
1	551	0
1	552	0
1	553	2
1	554	2
1	555	2
1	556	2
1	557	0
1	558	2
1	559	0
1	560	0
1	561	2
1	562	2
1	563	2
1	564	0
1	565	2
1	566	0
1	567	0
1	568	0
1	569	0
1	570	0
1	571	0
1	572	0
1	573	2
1	574	2
1	575	2
1	576	2
1	577	2
1	578	0
1	579	2
1	580	2
1	581	0
1	582	2
1	583	0
1	584	2
1	585	0
1	586	2
1	587	2
1	588	2
1	589	2
1	590	2
1	591	2
1	592	0
1	593	2
1	594	0
1	595	0
1	596	0
1	597	2
1	598	0
1	599	0
1	600	2
1	601	2
1	602	2
1	603	2
1	604	0
1	605	0
1	606	2
1	607	0
1	608	2
1	609	0
1	610	0
1	611	0
1	612	0
1	613	2
1	614	2
1	615	0
1	616	2
1	617	2
1	618	2
1	619	2
1	620	2
1	621	0
1	622	2
1	623	2
1	624	0
1	625	2
1	626	0
1	627	0
1	628	2
1	629	2
1	630	2
1	631	2
1	632	0
1	633	2
1	634	2
1	635	2
1	636	2
1	637	0
1	638	2
1	639	0
1	640	2
1	641	2
1	642	0
1	643	0
1	644	0
1	645	0
1	646	0
1	647	0
1	648	2
1	649	2
1	650	2
1	651	0
1	652	0
1	653	2
1	654	0
1	655	0
1	656	2
1	657	2
1	658	2
1	659	0
1	660	0
1	661	2
1	662	2
1	663	0
1	664	2
1	665	2
1	666	0
1	667	0
1	668	0
1	669	0
1	670	2
1	671	2
1	672	0
1	673	2
1	674	0
1	675	2
1	676	2
1	677	2
1	678	0
1	679	0
1	680	0
1	681	2
1	682	0
1	683	0
1	684	2
1	685	2
1	686	0
1	687	2
1	688	0
1	689	0
1	690	0
1	691	0
1	692	0
1	693	2
1	694	0
1	695	2
1	696	2
1	697	2
1	698	2
1	699	2
1	700	0
1	701	2
1	702	0
1	703	0
1	704	0
1	705	2
1	706	2
1	707	2
1	708	2
1	709	0
1	710	2
1	711	0
1	712	0
1	713	2
1	714	0
1	715	2
1	716	2
1	717	2
1	718	0
1	719	0
1	720	0
1	721	2
1	722	2
1	723	0
1	724	0
1	725	2
1	726	2
1	727	2
1	728	0
1	729	2
1	730	0
1	731	2
1	732	2
1	733	2
1	734	0
1	735	2
1	736	0
1	737	2
1	738	2
1	739	2
1	740	2
1	741	0
1	742	2
1	743	2
1	744	0
1	745	2
1	746	2
1	747	0
1	748	2
1	749	0
1	750	0
1	751	2
1	752	0
1	753	0
1	754	0
1	755	2
1	756	2
1	757	2
1	758	2
1	759	0
1	760	2
1	761	0
1	762	2
1	763	0
1	764	0
1	765	0
1	766	0
1	767	2
1	768	2
1	769	0
1	770	0
1	771	2
1	772	0
1	773	0
1	774	2
1	775	2
1	776	0
1	777	0
1	778	2
1	779	2
1	780	0
1	781	0
1	782	0
1	783	2
1	784	2
1	785	0
1	786	2
1	787	2
1	788	2
1	789	0
1	790	0
1	791	0
1	792	2
1	793	2
1	794	0
1	795	0
1	796	2
1	797	2
1	798	0
1	799	0
1	800	0
1	801	0
1	802	0
1	803	2
1	804	2
1	805	2
1	806	0
1	807	0
1	808	2
1	809	2
1	810	0
1	811	0
1	812	2
1	813	2
1	814	0
1	815	0
1	816	0
1	817	0
1	818	0
1	819	2
1	820	2
1	821	2
1	822	2
1	823	0
1	824	0
1	825	0
1	826	2
1	827	0
1	828	0
1	829	2
1	830	0
1	831	0
1	832	0
1	833	2
1	834	2
1	835	0
1	836	2
1	837	2
1	838	0
1	839	2
1	840	2
1	841	2
1	842	0
1	843	0
1	844	0
1	845	0
1	846	0
1	847	0
1	848	2
1	849	0
1	850	0
1	851	2
1	852	2
1	853	2
1	854	0
1	855	0
1	856	2
1	857	2
1	858	2
1	859	0
1	860	2
1	861	2
1	862	2
1	863	0
1	864	0
1	865	2
1	866	0
1	867	0
1	868	0
1	869	2
1	870	0
1	871	0
1	872	2
1	873	2
1	874	0
1	875	2
1	876	0
1	877	0
1	878	0
1	879	0
1	880	2
1	881	2
1	882	0
1	883	2
1	884	2
1	885	0
1	886	2
1	887	2
1	888	0
1	889	2
1	890	0
1	891	0
1	892	2
1	893	0
1	894	2
1	895	0
1	896	2
1	897	2
1	898	2
1	899	2
1	900	0
1	901	0
1	902	0
1	903	0
1	904	0
1	905	2
1	906	0
1	907	0
1	908	0
1	909	0
1	910	2
1	911	2
1	912	0
1	913	0
1	914	0
1	915	0
1	916	2
1	917	0
1	918	0
1	919	2
1	920	0
1	921	0
1	922	2
1	923	2
1	924	0
1	925	0
1	926	2
1	927	0
1	928	0
1	929	2
1	930	2
1	931	0
1	932	2
1	933	0
1	934	0
1	935	2
1	936	0
1	937	2
1	938	2
1	939	2
1	940	2
1	941	0
1	942	2
1	943	2
1	944	0
1	945	2
1	946	2
1	947	0
1	948	2
1	949	0
1	950	2
1	951	0
1	952	2
1	953	0
1	954	0
1	955	2
1	956	2
1	957	2
1	958	2
1	959	2
1	960	0
1	961	2
1	962	2
1	963	0
1	964	0
1	965	2
1	966	0
1	967	2
1	968	2
1	969	0
1	970	0
1	971	0
1	972	0
1	973	2
1	974	2
1	975	0
1	976	0
1	977	0
1	978	2
1	979	2
1	980	0
1	981	2
1	982	0
1	983	2
1	984	0
1	985	2
1	986	0
1	987	2
1	988	0
1	989	0
1	990	0
1	991	0
1	992	2
1	993	0
1	994	2
1	995	2
1	996	2
1	997	0
1	998	2
1	999	2
1	1000	0
1	1001	2
1	1002	2
1	1003	0
1	1004	0
1	1005	0
1	1006	0
1	1007	0
1	1008	2
1	1009	0
1	1010	0
1	1011	0
1	1012	0
1	1013	0
1	1014	2
1	1015	0
1	1016	0
1	1017	0
1	1018	2
1	1019	2
1	1020	0
1	1021	0
1	1022	0
1	1023	2
1	1024	0
1	1025	2
1	1026	2
1	1027	2
1	1028	0
1	1029	0
1	1030	2
1	1031	2
1	1032	2
1	1033	0
1	1034	0
1	1035	2
1	1036	0
1	1037	2
1	1038	0
1	1039	2
1	1040	2
1	1041	0
1	1042	0
1	1043	0
1	1044	0
1	1045	0
1	1046	0
1	1047	2
1	1048	0
1	1049	0
1	1050	2
1	1051	2
1	1052	0
1	1053	2
1	1054	2
1	1055	0
1	1056	0
1	1057	0
1	1058	2
1	1059	0
1	1060	2
1	1061	2
1	1062	2
1	1063	0
1	1064	2
1	1065	0
1	1066	2
1	1067	0
1	1068	2
1	1069	2
1	1070	2
1	1071	0
1	1072	2
1	1073	2
1	1074	2
1	1075	2
1	1076	2
1	1077	2
1	1078	0
1	1079	2
1	1080	2
1	1081	2
1	1082	0
1	1083	0
1	1084	2
1	1085	0
1	1086	2
1	1087	2
1	1088	0
1	1089	0
1	1090	2
1	1091	0
1	1092	2
1	1093	0
1	1094	2
1	1095	0
1	1096	2
1	1097	0
1	1098	0
1	1099	2
1	1100	2
1	1101	0
1	1102	2
1	1103	0
1	1104	2
1	1105	0
1	1106	2
1	1107	2
1	1108	2
1	1109	2
1	1110	2
1	1111	0
1	1112	2
1	1113	2
1	1114	2
1	1115	0
1	1116	0
1	1117	0
1	1118	0
1	1119	0
1	1120	2
1	1121	0
1	1122	0
1	1123	0
1	1124	0
1	1125	0
1	1126	0
1	1127	2
1	1128	0
1	1129	0
1	1130	0
1	1131	0
1	1132	2
1	1133	0
1	1134	0
1	1135	2
1	1136	2
1	1137	2
1	1138	2
1	1139	0
1	1140	0
1	1141	2
1	1142	2
1	1143	0
1	1144	2
1	1145	0
1	1146	0
1	1147	2
1	1148	0
1	1149	2
1	1150	2
1	1151	0
1	1152	2
1	1153	0
1	1154	2
1	1155	2
1	1156	2
1	1157	0
1	1158	0
1	1159	0
1	1160	2
1	1161	0
1	1162	0
1	1163	0
1	1164	2
1	1165	0
1	1166	2
1	1167	2
1	1168	0
1	1169	0
1	1170	2
1	1171	0
1	1172	2
1	1173	0
1	1174	0
1	1175	0
1	1176	2
1	1177	2
1	1178	0
1	1179	0
1	1180	0
1	1181	0
1	1182	0
1	1183	0
1	1184	2
1	1185	0
1	1186	0
1	1187	2
1	1188	0
1	1189	0
1	1190	2
1	1191	2
1	1192	2
1	1193	2
1	1194	0
1	1195	2
1	1196	2
1	1197	0
1	1198	0
1	1199	2
1	1200	2
1	1201	0
1	1202	0
1	1203	0
1	1204	2
1	1205	0
1	1206	0
1	1207	0
1	1208	0
1	1209	0
1	1210	0
1	1211	0
1	1212	0
1	1213	2
1	1214	0
1	1215	0
1	1216	2
1	1217	2
1	1218	0
1	1219	0
1	1220	0
1	1221	0
1	1222	2
1	1223	0
1	1224	2
1	1225	2
1	1226	2
1	1227	2
1	1228	0
1	1229	0
1	1230	2
1	1231	2
1	1232	2
1	1233	0
1	1234	2
1	1235	2
1	1236	0
1	1237	0
1	1238	2
1	1239	2
1	1240	0
1	1241	2
1	1242	0
1	1243	0
1	1244	2
1	1245	2
1	1246	2
1	1247	0
1	1248	0
1	1249	0
1	1250	2
1	1251	2
1	1252	0
1	1253	2
1	1254	0
1	1255	0
1	1256	0
1	1257	0
1	1258	2
1	1259	2
1	1260	2
1	1261	0
1	1262	2
1	1263	2
1	1264	2
1	1265	0
1	1266	0
1	1267	2
1	1268	0
1	1269	2
1	1270	2
1	1271	2
1	1272	0
1	1273	2
1	1274	0
1	1275	0
1	1276	2
1	1277	2
1	1278	0
1	1279	0
1	1280	0
1	1281	0
1	1282	2
1	1283	0
1	1284	2
1	1285	0
1	1286	2
1	1287	0
1	1288	0
1	1289	0
1	1290	0
1	1291	2
1	1292	0
1	1293	2
1	1294	0
1	1295	0
1	1296	2
1	1297	2
1	1298	2
1	1299	0
1	1300	0
1	1301	2
1	1302	2
1	1303	0
1	1304	2
1	1305	2
1	1306	0
1	1307	0
1	1308	0
1	1309	2
1	1310	2
1	1311	2
1	1312	0
1	1313	0
1	1314	0
1	1315	2
1	1316	0
1	1317	0
1	1318	0
1	1319	0
1	1320	0
1	1321	0
1	1322	0
1	1323	2
1	1324	0
1	1325	0
1	1326	0
1	1327	2
1	1328	2
1	1329	0
1	1330	0
1	1331	0
1	1332	0
1	1333	0
1	1334	2
1	1335	2
1	1336	2
1	1337	2
1	1338	0
1	1339	0
1	1340	2
1	1341	0
1	1342	0
1	1343	0
1	1344	2
1	1345	0
1	1346	0
1	1347	2
1	1348	0
1	1349	2
1	1350	0
1	1351	0
1	1352	2
1	1353	0
1	1354	0
1	1355	0
1	1356	2
1	1357	2
1	1358	2
1	1359	2
1	1360	0
1	1361	2
1	1362	2
1	1363	0
1	1364	2
1	1365	2
1	1366	0
1	1367	0
1	1368	2
1	1369	0
1	1370	2
1	1371	0
1	1372	2
1	1373	2
1	1374	2
1	1375	2
1	1376	0
1	1377	0
1	1378	0
1	1379	0
1	1380	0
1	1381	0
1	1382	2
1	1383	0
1	1384	0
1	1385	2
1	1386	0
1	1387	0
1	1388	0
1	1389	2
1	1390	0
1	1391	2
1	1392	0
1	1393	2
1	1394	2
1	1395	2
1	1396	0
1	1397	2
1	1398	0
1	1399	0
1	1400	2
1	1401	0
1	1402	0
1	1403	2
1	1404	0
1	1405	0
1	1406	2
1	1407	0
1	1408	0
1	1409	2
1	1410	0
1	1411	2
1	1412	0
1	1413	2
1	1414	0
1	1415	0
1	1416	0
1	1417	0
1	1418	2
1	1419	0
1	1420	2
1	1421	2
1	1422	2
1	1423	0
1	1424	0
1	1425	0
1	1426	0
1	1427	2
1	1428	0
1	1429	2
1	1430	0
1	1431	2
1	1432	0
1	1433	0
1	1434	2
1	1435	2
1	1436	0
1	1437	2
1	1438	0
1	1439	2
1	1440	2
1	1441	0
1	1442	2
1	1443	0
1	1444	2
1	1445	2
1	1446	2
1	1447	2
1	1448	0
1	1449	0
1	1450	2
1	1451	0
1	1452	2
1	1453	2
1	1454	0
1	1455	2
1	1456	2
1	1457	2
1	1458	0
1	1459	0
1	1460	0
1	1461	0
1	1462	0
1	1463	2
1	1464	0
1	1465	2
1	1466	2
1	1467	0
1	1468	0
1	1469	0
1	1470	2
1	1471	2
1	1472	0
1	1473	2
1	1474	0
1	1475	2
1	1476	0
1	1477	2
1	1478	2
1	1479	0
1	1480	2
1	1481	2
1	1482	2
1	1483	0
1	1484	2
1	1485	0
1	1486	0
1	1487	2
1	1488	0
1	1489	2
1	1490	0
1	1491	0
1	1492	0
1	1493	0
1	1494	2
1	1495	2
1	1496	0
1	1497	2
1	1498	0
1	1499	0
1	1500	0
1	1501	2
1	1502	2
1	1503	0
1	1504	2
1	1505	2
1	1506	2
1	1507	2
1	1508	0
1	1509	2
1	1510	0
1	1511	2
1	1512	0
1	1513	2
1	1514	2
1	1515	2
1	1516	2
1	1517	0
1	1518	2
1	1519	2
1	1520	0
1	1521	0
1	1522	0
1	1523	0
1	1524	2
1	1525	2
1	1526	2
1	1527	2
1	1528	2
1	1529	2
1	1530	0
1	1531	0
1	1532	2
1	1533	2
1	1534	0
1	1535	0
1	1536	2
1	1537	2
1	1538	0
1	1539	0
1	1540	0
1	1541	0
1	1542	2
1	1543	0
1	1544	0
1	1545	0
1	1546	2
1	1547	2
1	1548	0
1	1549	0
1	1550	2
1	1551	2
1	1552	2
1	1553	2
1	1554	0
1	1555	0
1	1556	2
1	1557	0
1	1558	2
1	1559	2
1	1560	0
1	1561	0
1	1562	2
1	1563	0
1	1564	0
1	1565	2
1	1566	0
1	1567	0
1	1568	0
1	1569	2
1	1570	2
1	1571	0
1	1572	2
1	1573	0
1	1574	0
1	1575	2
1	1576	2
1	1577	0
1	1578	0
1	1579	0
1	1580	0
1	1581	2
1	1582	0
1	1583	2
1	1584	0
1	1585	2
1	1586	0
1	1587	0
1	1588	0
1	1589	0
1	1590	2
1	1591	0
1	1592	0
1	1593	0
1	1594	2
1	1595	0
1	1596	0
1	1597	0
1	1598	2
1	1599	2
1	1600	0
1	1601	0
1	1602	0
1	1603	0
1	1604	0
1	1605	0
1	1606	0
1	1607	2
1	1608	0
1	1609	2
1	1610	2
1	1611	2
1	1612	0
1	1613	2
1	1614	0
1	1615	2
1	1616	2
1	1617	0
1	1618	2
1	1619	2
1	1620	2
1	1621	2
1	1622	0
1	1623	0
1	1624	2
1	1625	0
1	1626	0
1	1627	2
1	1628	0
1	1629	2
1	1630	2
1	1631	2
1	1632	2
1	1633	2
1	1634	0
1	1635	0
1	1636	0
1	1637	2
1	1638	2
1	1639	2
1	1640	0
1	1641	0
1	1642	0
1	1643	2
1	1644	0
1	1645	2
1	1646	0
1	1647	0
1	1648	2
1	1649	0
1	1650	2
1	1651	0
1	1652	0
1	1653	0
1	1654	0
1	1655	2
1	1656	0
1	1657	2
1	1658	2
1	1659	0
1	1660	2
1	1661	0
1	1662	2
1	1663	0
1	1664	0
1	1665	0
1	1666	0
1	1667	0
1	1668	0
1	1669	2
1	1670	0
1	1671	2
1	1672	0
1	1673	0
1	1674	0
1	1675	0
1	1676	2
1	1677	0
1	1678	2
1	1679	0
1	1680	0
1	1681	2
1	1682	0
1	1683	2
1	1684	2
1	1685	0
1	1686	2
1	1687	0
1	1688	2
1	1689	2
1	1690	0
1	1691	2
1	1692	0
1	1693	2
1	1694	0
1	1695	2
1	1696	2
1	1697	0
1	1698	0
1	1699	2
1	1700	0
1	1701	2
1	1702	0
1	1703	2
1	1704	2
1	1705	0
1	1706	2
1	1707	0
1	1708	0
1	1709	0
1	1710	2
1	1711	2
1	1712	2
1	1713	0
1	1714	2
1	1715	0
1	1716	0
1	1717	2
1	1718	2
1	1719	2
1	1720	2
1	1721	2
1	1722	0
1	1723	0
1	1724	2
1	1725	0
1	1726	0
1	1727	0
1	1728	0
1	1729	0
1	1730	2
1	1731	2
1	1732	2
1	1733	0
1	1734	0
1	1735	2
1	1736	2
1	1737	0
1	1738	2
1	1739	2
1	1740	0
1	1741	2
1	1742	2
1	1743	0
1	1744	2
1	1745	2
1	1746	0
1	1747	2
1	1748	0
1	1749	0
1	1750	0
1	1751	2
1	1752	0
1	1753	2
1	1754	0
1	1755	0
1	1756	2
1	1757	0
1	1758	0
1	1759	2
1	1760	0
1	1761	0
1	1762	2
1	1763	2
1	1764	0
1	1765	0
1	1766	2
1	1767	2
1	1768	2
1	1769	2
1	1770	0
1	1771	2
1	1772	0
1	1773	0
1	1774	2
1	1775	0
1	1776	2
1	1777	0
1	1778	2
1	1779	0
1	1780	2
1	1781	0
1	1782	2
1	1783	0
1	1784	2
1	1785	0
1	1786	0
1	1787	2
1	1788	0
1	1789	0
1	1790	0
1	1791	0
1	1792	2
1	1793	0
1	1794	0
1	1795	2
1	1796	0
1	1797	0
1	1798	2
1	1799	0
1	1800	2
1	1801	2
1	1802	0
1	1803	2
1	1804	2
1	1805	0
1	1806	2
1	1807	2
1	1808	0
1	1809	0
1	1810	0
1	1811	2
1	1812	0
1	1813	2
1	1814	2
1	1815	0
1	1816	2
1	1817	2
1	1818	0
1	1819	2
1	1820	0
1	1821	2
1	1822	0
1	1823	0
1	1824	0
1	1825	2
1	1826	0
1	1827	2
1	1828	0
1	1829	2
1	1830	2
1	1831	2
1	1832	0
1	1833	2
1	1834	2
1	1835	0
1	1836	0
1	1837	0
1	1838	2
1	1839	2
1	1840	0
1	1841	0
1	1842	2
1	1843	0
1	1844	2
1	1845	0
1	1846	0
1	1847	0
1	1848	0
1	1849	0
1	1850	2
1	1851	0
1	1852	0
1	1853	2
1	1854	0
1	1855	0
1	1856	0
1	1857	0
1	1858	2
1	1859	0
1	1860	0
1	1861	2
1	1862	2
1	1863	0
1	1864	0
1	1865	0
1	1866	2
1	1867	0
1	1868	2
1	1869	2
1	1870	2
1	1871	2
1	1872	0
1	1873	0
1	1874	2
1	1875	2
1	1876	2
1	1877	0
1	1878	2
1	1879	0
1	1880	2
1	1881	0
1	1882	0
1	1883	2
1	1884	2
1	1885	0
1	1886	0
1	1887	2
1	1888	0
1	1889	0
1	1890	0
1	1891	0
1	1892	2
1	1893	2
1	1894	2
1	1895	2
1	1896	0
1	1897	0
1	1898	0
1	1899	2
1	1900	2
1	1901	2
1	1902	2
1	1903	2
1	1904	2
1	1905	0
1	1906	2
1	1907	0
1	1908	2
1	1909	2
1	1910	0
1	1911	2
1	1912	0
1	1913	0
1	1914	2
1	1915	2
1	1916	2
1	1917	2
1	1918	2
1	1919	0
1	1920	2
1	1921	2
1	1922	2
1	1923	0
1	1924	2
1	1925	2
1	1926	2
1	1927	2
1	1928	2
1	1929	0
1	1930	0
1	1931	2
1	1932	2
1	1933	0
1	1934	2
1	1935	2
1	1936	0
1	1937	2
1	1938	2
1	1939	2
1	1940	0
1	1941	2
1	1942	2
1	1943	2
1	1944	0
1	1945	0
1	1946	2
1	1947	0
1	1948	0
1	1949	2
1	1950	2
1	1951	0
1	1952	2
1	1953	2
1	1954	2
1	1955	0
1	1956	2
1	1957	0
1	1958	2
1	1959	0
1	1960	0
1	1961	0
1	1962	0
1	1963	2
1	1964	0
1	1965	2
1	1966	0
1	1967	2
1	1968	0
1	1969	0
1	1970	0
1	1971	2
1	1972	2
1	1973	2
1	1974	0
1	1975	0
1	1976	2
1	1977	0
1	1978	0
1	1979	0
1	1980	2
1	1981	0
1	1982	2
1	1983	0
1	1984	2
1	1985	0
1	1986	2
1	1987	0
1	1988	2
1	1989	2
1	1990	2
1	1991	0
1	1992	0
1	1993	2
1	1994	0
1	1995	0
1	1996	2
1	1997	2
1	1998	0
1	1999	0
1	2000	0
1	2001	0
1	2002	0
1	2003	2
1	2004	0
1	2005	0
1	2006	2
1	2007	2
1	2008	0
1	2009	2
1	2010	0
1	2011	2
1	2012	0
1	2013	2
1	2014	0
1	2015	2
1	2016	0
1	2017	0
1	2018	2
1	2019	2
1	2020	0
1	2021	0
1	2022	2
1	2023	0
1	2024	2
1	2025	0
1	2026	0
1	2027	0
1	2028	2
1	2029	0
1	2030	2
1	2031	2
1	2032	2
1	2033	0
1	2034	2
1	2035	2
1	2036	0
1	2037	2
1	2038	0
1	2039	0
1	2040	0
1	2041	0
1	2042	2
1	2043	0
1	2044	0
1	2045	2
1	2046	0
1	2047	0
1	2048	2
1	2049	2
1	2050	2
1	2051	2
1	2052	2
1	2053	0
1	2054	2
1	2055	0
1	2056	0
1	2057	2
1	2058	0
1	2059	2
1	2060	2
1	2061	2
1	2062	2
1	2063	0
1	2064	0
1	2065	0
1	2066	2
1	2067	2
1	2068	2
1	2069	0
1	2070	0
1	2071	2
1	2072	0
1	2073	0
1	2074	2
1	2075	0
1	2076	0
1	2077	2
1	2078	2
1	2079	2
1	2080	0
1	2081	2
1	2082	2
1	2083	0
1	2084	2
1	2085	2
1	2086	2
1	2087	2
1	2088	0
1	2089	2
1	2090	0
1	2091	2
1	2092	2
1	2093	2
1	2094	0
1	2095	2
1	2096	0
1	2097	0
1	2098	0
1	2099	0
1	2100	0
1	2101	0
1	2102	2
1	2103	2
1	2104	2
1	2105	0
1	2106	0
1	2107	2
1	2108	2
1	2109	2
1	2110	2
1	2111	0
1	2112	2
1	2113	0
1	2114	2
1	2115	2
1	2116	2
1	2117	0
1	2118	0
1	2119	2
1	2120	0
1	2121	2
1	2122	0
1	2123	2
1	2124	0
1	2125	0
1	2126	0
1	2127	0
1	2128	2
1	2129	2
1	2130	0
1	2131	0
1	2132	2
1	2133	0
1	2134	0
1	2135	0
1	2136	2
1	2137	0
1	2138	0
1	2139	2
1	2140	0
1	2141	2
1	2142	0
1	2143	0
1	2144	0
1	2145	0
1	2146	0
1	2147	0
1	2148	2
1	2149	0
1	2150	0
1	2151	0
1	2152	2
1	2153	2
1	2154	0
1	2155	0
1	2156	0
1	2157	2
1	2158	2
1	2159	0
1	2160	0
1	2161	0
1	2162	0
1	2163	2
1	2164	2
1	2165	0
1	2166	0
1	2167	0
1	2168	2
1	2169	0
1	2170	0
1	2171	0
1	2172	0
1	2173	0
1	2174	2
1	2175	2
1	2176	2
1	2177	0
1	2178	2
1	2179	2
1	2180	0
1	2181	2
1	2182	2
1	2183	2
1	2184	0
1	2185	0
1	2186	2
1	2187	2
1	2188	2
1	2189	2
1	2190	0
1	2191	0
1	2192	0
1	2193	0
1	2194	0
1	2195	0
1	2196	2
1	2197	2
1	2198	2
1	2199	0
1	2200	2
1	2201	2
1	2202	0
1	2203	2
1	2204	0
1	2205	2
1	2206	2
1	2207	2
1	2208	2
1	2209	2
1	2210	0
1	2211	2
1	2212	0
1	2213	0
1	2214	2
1	2215	0
1	2216	0
1	2217	0
1	2218	2
1	2219	2
1	2220	0
1	2221	0
1	2222	2
1	2223	0
1	2224	0
1	2225	2
1	2226	2
1	2227	2
1	2228	2
1	2229	2
1	2230	2
1	2231	0
1	2232	0
1	2233	0
1	2234	2
1	2235	0
1	2236	0
1	2237	2
1	2238	0
1	2239	2
1	2240	0
1	2241	0
1	2242	0
1	2243	0
1	2244	2
1	2245	0
1	2246	0
1	2247	2
1	2248	0
1	2249	0
1	2250	2
2	1	0
2	2	2
2	3	0
2	4	2
2	5	2
2	6	0
2	7	2
2	8	2
2	9	0
2	10	0
2	11	0
2	12	0
2	13	2
2	14	2
2	15	0
2	16	2
2	17	0
2	18	2
2	19	2
2	20	0
2	21	2
2	22	0
2	23	2
2	24	2
2	25	2
2	26	2
2	27	0
2	28	2
2	29	0
2	30	2
2	31	2
2	32	2
2	33	0
2	34	0
2	35	2
2	36	0
2	37	0
2	38	0
2	39	0
2	40	0
2	41	2
2	42	0
2	43	0
2	44	2
2	45	0
2	46	2
2	47	0
2	48	2
2	49	2
2	50	2
2	51	0
2	52	2
2	53	0
2	54	0
2	55	0
2	56	2
2	57	2
2	58	0
2	59	0
2	60	0
2	61	2
2	62	2
2	63	2
2	64	2
2	65	2
2	66	2
2	67	2
2	68	0
2	69	2
2	70	0
2	71	0
2	72	0
2	73	0
2	74	2
2	75	0
2	76	0
2	77	0
2	78	0
2	79	2
2	80	2
2	81	0
2	82	0
2	83	0
2	84	0
2	85	2
2	86	0
2	87	2
2	88	0
2	89	0
2	90	2
2	91	2
2	92	0
2	93	0
2	94	2
2	95	2
2	96	2
2	97	2
2	98	2
2	99	2
2	100	0
2	101	0
2	102	2
2	103	2
2	104	2
2	105	2
2	106	0
2	107	0
2	108	2
2	109	0
2	110	2
2	111	2
2	112	2
2	113	2
2	114	2
2	115	0
2	116	0
2	117	0
2	118	2
2	119	2
2	120	0
2	121	0
2	122	2
2	123	2
2	124	2
2	125	2
2	126	2
2	127	0
2	128	0
2	129	0
2	130	0
2	131	2
2	132	0
2	133	2
2	134	0
2	135	0
2	136	2
2	137	0
2	138	2
2	139	2
2	140	0
2	141	0
2	142	0
2	143	2
2	144	0
2	145	0
2	146	0
2	147	2
2	148	0
2	149	2
2	150	0
2	151	2
2	152	2
2	153	0
2	154	0
2	155	2
2	156	0
2	157	0
2	158	2
2	159	2
2	160	0
2	161	0
2	162	0
2	163	0
2	164	2
2	165	2
2	166	2
2	167	2
2	168	0
2	169	0
2	170	0
2	171	0
2	172	0
2	173	0
2	174	0
2	175	2
2	176	2
2	177	0
2	178	2
2	179	0
2	180	0
2	181	2
2	182	2
2	183	2
2	184	0
2	185	0
2	186	2
2	187	0
2	188	2
2	189	2
2	190	2
2	191	2
2	192	2
2	193	0
2	194	2
2	195	0
2	196	2
2	197	0
2	198	0
2	199	0
2	200	0
2	201	2
2	202	0
2	203	0
2	204	0
2	205	0
2	206	2
2	207	0
2	208	0
2	209	2
2	210	2
2	211	0
2	212	2
2	213	0
2	214	2
2	215	2
2	216	2
2	217	2
2	218	0
2	219	0
2	220	2
2	221	0
2	222	0
2	223	2
2	224	2
2	225	0
2	226	0
2	227	2
2	228	2
2	229	2
2	230	0
2	231	0
2	232	0
2	233	2
2	234	2
2	235	0
2	236	2
2	237	0
2	238	2
2	239	0
2	240	2
2	241	2
2	242	0
2	243	0
2	244	2
2	245	2
2	246	0
2	247	0
2	248	0
2	249	0
2	250	2
2	251	0
2	252	2
2	253	2
2	254	2
2	255	0
2	256	0
2	257	2
2	258	0
2	259	0
2	260	0
2	261	2
2	262	2
2	263	0
2	264	2
2	265	0
2	266	2
2	267	2
2	268	2
2	269	0
2	270	2
2	271	0
2	272	2
2	273	0
2	274	2
2	275	0
2	276	2
2	277	2
2	278	0
2	279	0
2	280	0
2	281	2
2	282	2
2	283	2
2	284	2
2	285	0
2	286	0
2	287	2
2	288	0
2	289	0
2	290	2
2	291	0
2	292	0
2	293	0
2	294	2
2	295	0
2	296	0
2	297	0
2	298	2
2	299	0
2	300	0
2	301	0
2	302	2
2	303	2
2	304	2
2	305	0
2	306	0
2	307	2
2	308	0
2	309	0
2	310	0
2	311	0
2	312	0
2	313	0
2	314	0
2	315	0
2	316	0
2	317	2
2	318	2
2	319	2
2	320	2
2	321	2
2	322	2
2	323	2
2	324	0
2	325	0
2	326	2
2	327	0
2	328	2
2	329	2
2	330	0
2	331	2
2	332	2
2	333	0
2	334	2
2	335	0
2	336	0
2	337	2
2	338	2
2	339	0
2	340	0
2	341	0
2	342	0
2	343	2
2	344	0
2	345	2
2	346	0
2	347	0
2	348	0
2	349	2
2	350	0
2	351	0
2	352	2
2	353	0
2	354	0
2	355	2
2	356	2
2	357	2
2	358	2
2	359	2
2	360	0
2	361	2
2	362	2
2	363	2
2	364	2
2	365	2
2	366	0
2	367	0
2	368	2
2	369	2
2	370	2
2	371	0
2	372	0
2	373	2
2	374	0
2	375	0
2	376	2
2	377	0
2	378	0
2	379	2
2	380	0
2	381	0
2	382	0
2	383	2
2	384	0
2	385	0
2	386	2
2	387	2
2	388	2
2	389	2
2	390	0
2	391	2
2	392	0
2	393	0
2	394	2
2	395	2
2	396	0
2	397	2
2	398	0
2	399	2
2	400	0
2	401	0
2	402	0
2	403	0
2	404	2
2	405	2
2	406	2
2	407	0
2	408	0
2	409	0
2	410	0
2	411	2
2	412	2
2	413	2
2	414	0
2	415	2
2	416	0
2	417	2
2	418	0
2	419	2
2	420	2
2	421	0
2	422	0
2	423	2
2	424	0
2	425	0
2	426	2
2	427	0
2	428	2
2	429	0
2	430	2
2	431	0
2	432	2
2	433	0
2	434	0
2	435	2
2	436	2
2	437	0
2	438	2
2	439	0
2	440	2
2	441	0
2	442	0
2	443	2
2	444	2
2	445	2
2	446	0
2	447	2
2	448	2
2	449	0
2	450	2
2	451	0
2	452	0
2	453	0
2	454	2
2	455	2
2	456	0
2	457	2
2	458	0
2	459	2
2	460	2
2	461	0
2	462	0
2	463	2
2	464	2
2	465	0
2	466	0
2	467	0
2	468	2
2	469	0
2	470	0
2	471	2
2	472	0
2	473	0
2	474	2
2	475	2
2	476	2
2	477	0
2	478	0
2	479	0
2	480	2
2	481	2
2	482	2
2	483	2
2	484	0
2	485	0
2	486	0
2	487	2
2	488	2
2	489	0
2	490	2
2	491	2
2	492	0
2	493	2
2	494	2
2	495	2
2	496	2
2	497	0
2	498	2
2	499	2
2	500	0
2	501	0
2	502	2
2	503	2
2	504	0
2	505	2
2	506	0
2	507	0
2	508	0
2	509	0
2	510	0
2	511	0
2	512	2
2	513	2
2	514	2
2	515	2
2	516	0
2	517	0
2	518	2
2	519	2
2	520	0
2	521	2
2	522	2
2	523	2
2	524	2
2	525	2
2	526	2
2	527	0
2	528	2
2	529	2
2	530	0
2	531	2
2	532	0
2	533	0
2	534	0
2	535	2
2	536	0
2	537	2
2	538	2
2	539	2
2	540	0
2	541	0
2	542	0
2	543	0
2	544	0
2	545	0
2	546	2
2	547	2
2	548	2
2	549	0
2	550	0
2	551	2
2	552	0
2	553	0
2	554	0
2	555	2
2	556	2
2	557	0
2	558	0
2	559	2
2	560	0
2	561	0
2	562	0
2	563	2
2	564	2
2	565	0
2	566	0
2	567	0
2	568	2
2	569	0
2	570	0
2	571	2
2	572	0
2	573	2
2	574	2
2	575	0
2	576	2
2	577	0
2	578	2
2	579	2
2	580	2
2	581	0
2	582	0
2	583	0
2	584	2
2	585	2
2	586	0
2	587	0
2	588	0
2	589	2
2	590	0
2	591	2
2	592	2
2	593	0
2	594	0
2	595	0
2	596	0
2	597	0
2	598	2
2	599	2
2	600	0
2	601	0
2	602	2
2	603	2
2	604	2
2	605	2
2	606	0
2	607	2
2	608	0
2	609	2
2	610	0
2	611	0
2	612	0
2	613	0
2	614	2
2	615	2
2	616	2
2	617	0
2	618	2
2	619	2
2	620	2
2	621	0
2	622	0
2	623	0
2	624	0
2	625	0
2	626	2
2	627	2
2	628	0
2	629	0
2	630	2
2	631	2
2	632	2
2	633	2
2	634	0
2	635	0
2	636	2
2	637	2
2	638	2
2	639	2
2	640	2
2	641	2
2	642	0
2	643	0
2	644	2
2	645	0
2	646	2
2	647	2
2	648	2
2	649	0
2	650	0
2	651	2
2	652	2
2	653	0
2	654	0
2	655	2
2	656	0
2	657	0
2	658	0
2	659	2
2	660	0
2	661	0
2	662	2
2	663	2
2	664	0
2	665	0
2	666	2
2	667	2
2	668	0
2	669	2
2	670	0
2	671	2
2	672	2
2	673	2
2	674	2
2	675	0
2	676	2
2	677	0
2	678	2
2	679	0
2	680	0
2	681	0
2	682	0
2	683	2
2	684	0
2	685	2
2	686	2
2	687	0
2	688	0
2	689	2
2	690	0
2	691	2
2	692	0
2	693	0
2	694	2
2	695	0
2	696	0
2	697	2
2	698	0
2	699	0
2	700	2
2	701	2
2	702	0
2	703	0
2	704	2
2	705	2
2	706	2
2	707	0
2	708	2
2	709	0
2	710	2
2	711	2
2	712	2
2	713	0
2	714	2
2	715	0
2	716	0
2	717	0
2	718	2
2	719	0
2	720	0
2	721	2
2	722	2
2	723	0
2	724	0
2	725	2
2	726	2
2	727	2
2	728	0
2	729	2
2	730	0
2	731	0
2	732	2
2	733	2
2	734	2
2	735	2
2	736	2
2	737	0
2	738	2
2	739	2
2	740	2
2	741	2
2	742	0
2	743	2
2	744	0
2	745	2
2	746	2
2	747	2
2	748	0
2	749	2
2	750	0
2	751	2
2	752	0
2	753	2
2	754	2
2	755	2
2	756	0
2	757	2
2	758	0
2	759	2
2	760	0
2	761	2
2	762	0
2	763	0
2	764	2
2	765	2
2	766	2
2	767	2
2	768	0
2	769	2
2	770	0
2	771	0
2	772	2
2	773	2
2	774	2
2	775	2
2	776	0
2	777	2
2	778	0
2	779	2
2	780	2
2	781	2
2	782	2
2	783	0
2	784	2
2	785	2
2	786	0
2	787	0
2	788	2
2	789	2
2	790	2
2	791	0
2	792	2
2	793	2
2	794	2
2	795	2
2	796	0
2	797	2
2	798	2
2	799	0
2	800	2
2	801	0
2	802	0
2	803	0
2	804	2
2	805	2
2	806	2
2	807	0
2	808	2
2	809	0
2	810	0
2	811	2
2	812	0
2	813	0
2	814	0
2	815	0
2	816	0
2	817	0
2	818	2
2	819	0
2	820	2
2	821	0
2	822	0
2	823	2
2	824	0
2	825	2
2	826	2
2	827	0
2	828	0
2	829	2
2	830	2
2	831	2
2	832	0
2	833	2
2	834	2
2	835	0
2	836	2
2	837	0
2	838	0
2	839	0
2	840	0
2	841	0
2	842	0
2	843	2
2	844	2
2	845	2
2	846	2
2	847	0
2	848	0
2	849	0
2	850	0
2	851	0
2	852	0
2	853	0
2	854	2
2	855	2
2	856	2
2	857	2
2	858	0
2	859	0
2	860	2
2	861	0
2	862	0
2	863	2
2	864	0
2	865	0
2	866	2
2	867	0
2	868	2
2	869	0
2	870	2
2	871	0
2	872	0
2	873	2
2	874	2
2	875	0
2	876	0
2	877	0
2	878	2
2	879	2
2	880	0
2	881	0
2	882	2
2	883	2
2	884	2
2	885	2
2	886	0
2	887	2
2	888	2
2	889	2
2	890	2
2	891	0
2	892	0
2	893	0
2	894	0
2	895	2
2	896	0
2	897	2
2	898	2
2	899	2
2	900	2
2	901	2
2	902	2
2	903	0
2	904	2
2	905	2
2	906	2
2	907	2
2	908	2
2	909	0
2	910	0
2	911	2
2	912	0
2	913	0
2	914	0
2	915	0
2	916	0
2	917	0
2	918	2
2	919	0
2	920	2
2	921	0
2	922	2
2	923	2
2	924	0
2	925	0
2	926	2
2	927	2
2	928	0
2	929	2
2	930	2
2	931	0
2	932	2
2	933	0
2	934	0
2	935	2
2	936	0
2	937	2
2	938	0
2	939	2
2	940	0
2	941	2
2	942	0
2	943	2
2	944	0
2	945	2
2	946	2
2	947	0
2	948	0
2	949	0
2	950	2
2	951	2
2	952	2
2	953	2
2	954	2
2	955	2
2	956	2
2	957	2
2	958	0
2	959	2
2	960	2
2	961	0
2	962	2
2	963	0
2	964	2
2	965	2
2	966	0
2	967	2
2	968	2
2	969	2
2	970	2
2	971	2
2	972	2
2	973	2
2	974	0
2	975	2
2	976	2
2	977	2
2	978	2
2	979	0
2	980	0
2	981	2
2	982	2
2	983	2
2	984	0
2	985	0
2	986	2
2	987	2
2	988	0
2	989	0
2	990	2
2	991	2
2	992	0
2	993	2
2	994	0
2	995	0
2	996	0
2	997	2
2	998	0
2	999	2
2	1000	2
2	1001	0
2	1002	0
2	1003	0
2	1004	0
2	1005	0
2	1006	0
2	1007	0
2	1008	0
2	1009	2
2	1010	2
2	1011	0
2	1012	0
2	1013	0
2	1014	2
2	1015	0
2	1016	0
2	1017	0
2	1018	2
2	1019	2
2	1020	0
2	1021	0
2	1022	0
2	1023	2
2	1024	2
2	1025	0
2	1026	2
2	1027	2
2	1028	2
2	1029	0
2	1030	0
2	1031	0
2	1032	2
2	1033	2
2	1034	2
2	1035	2
2	1036	2
2	1037	0
2	1038	2
2	1039	0
2	1040	2
2	1041	2
2	1042	0
2	1043	2
2	1044	2
2	1045	2
2	1046	2
2	1047	2
2	1048	0
2	1049	2
2	1050	2
2	1051	2
2	1052	2
2	1053	2
2	1054	0
2	1055	0
2	1056	0
2	1057	0
2	1058	0
2	1059	0
2	1060	2
2	1061	2
2	1062	0
2	1063	0
2	1064	2
2	1065	0
2	1066	2
2	1067	0
2	1068	0
2	1069	0
2	1070	2
2	1071	0
2	1072	2
2	1073	2
2	1074	0
2	1075	0
2	1076	0
2	1077	0
2	1078	2
2	1079	2
2	1080	2
2	1081	2
2	1082	2
2	1083	0
2	1084	0
2	1085	0
2	1086	0
2	1087	0
2	1088	0
2	1089	2
2	1090	2
2	1091	0
2	1092	0
2	1093	0
2	1094	2
2	1095	0
2	1096	0
2	1097	2
2	1098	0
2	1099	0
2	1100	2
2	1101	2
2	1102	0
2	1103	2
2	1104	2
2	1105	2
2	1106	2
2	1107	0
2	1108	0
2	1109	2
2	1110	0
2	1111	2
2	1112	2
2	1113	0
2	1114	0
2	1115	2
2	1116	0
2	1117	0
2	1118	0
2	1119	0
2	1120	0
2	1121	0
2	1122	0
2	1123	0
2	1124	0
2	1125	2
2	1126	0
2	1127	0
2	1128	2
2	1129	2
2	1130	2
2	1131	2
2	1132	0
2	1133	2
2	1134	2
2	1135	2
2	1136	2
2	1137	2
2	1138	0
2	1139	0
2	1140	2
2	1141	0
2	1142	2
2	1143	0
2	1144	2
2	1145	2
2	1146	2
2	1147	0
2	1148	2
2	1149	2
2	1150	0
2	1151	0
2	1152	2
2	1153	2
2	1154	2
2	1155	0
2	1156	0
2	1157	0
2	1158	0
2	1159	2
2	1160	0
2	1161	2
2	1162	0
2	1163	2
2	1164	2
2	1165	2
2	1166	0
2	1167	2
2	1168	0
2	1169	0
2	1170	2
2	1171	2
2	1172	2
2	1173	2
2	1174	0
2	1175	2
2	1176	0
2	1177	0
2	1178	2
2	1179	0
2	1180	2
2	1181	0
2	1182	0
2	1183	0
2	1184	2
2	1185	2
2	1186	0
2	1187	2
2	1188	2
2	1189	2
2	1190	2
2	1191	2
2	1192	0
2	1193	2
2	1194	2
2	1195	2
2	1196	2
2	1197	2
2	1198	0
2	1199	2
2	1200	2
2	1201	2
2	1202	0
2	1203	0
2	1204	2
2	1205	0
2	1206	2
2	1207	2
2	1208	0
2	1209	0
2	1210	2
2	1211	2
2	1212	2
2	1213	2
2	1214	0
2	1215	0
2	1216	2
2	1217	0
2	1218	2
2	1219	0
2	1220	0
2	1221	2
2	1222	2
2	1223	2
2	1224	0
2	1225	0
2	1226	2
2	1227	0
2	1228	2
2	1229	2
2	1230	2
2	1231	0
2	1232	0
2	1233	0
2	1234	0
2	1235	2
2	1236	0
2	1237	0
2	1238	0
2	1239	0
2	1240	2
2	1241	2
2	1242	2
2	1243	0
2	1244	0
2	1245	0
2	1246	2
2	1247	0
2	1248	0
2	1249	2
2	1250	0
2	1251	0
2	1252	2
2	1253	0
2	1254	0
2	1255	0
2	1256	0
2	1257	0
2	1258	0
2	1259	0
2	1260	2
2	1261	2
2	1262	2
2	1263	0
2	1264	2
2	1265	0
2	1266	2
2	1267	2
2	1268	2
2	1269	2
2	1270	0
2	1271	2
2	1272	2
2	1273	0
2	1274	2
2	1275	2
2	1276	2
2	1277	2
2	1278	0
2	1279	2
2	1280	0
2	1281	0
2	1282	2
2	1283	0
2	1284	2
2	1285	2
2	1286	0
2	1287	2
2	1288	0
2	1289	2
2	1290	2
2	1291	2
2	1292	0
2	1293	2
2	1294	2
2	1295	0
2	1296	2
2	1297	2
2	1298	0
2	1299	0
2	1300	0
2	1301	0
2	1302	2
2	1303	0
2	1304	0
2	1305	2
2	1306	2
2	1307	2
2	1308	2
2	1309	0
2	1310	2
2	1311	0
2	1312	0
2	1313	2
2	1314	0
2	1315	2
2	1316	2
2	1317	2
2	1318	0
2	1319	2
2	1320	2
2	1321	2
2	1322	0
2	1323	0
2	1324	2
2	1325	2
2	1326	2
2	1327	2
2	1328	2
2	1329	2
2	1330	2
2	1331	2
2	1332	2
2	1333	0
2	1334	2
2	1335	0
2	1336	0
2	1337	0
2	1338	0
2	1339	2
2	1340	0
2	1341	0
2	1342	0
2	1343	0
2	1344	0
2	1345	0
2	1346	2
2	1347	0
2	1348	2
2	1349	0
2	1350	0
2	1351	2
2	1352	0
2	1353	0
2	1354	2
2	1355	2
2	1356	0
2	1357	0
2	1358	2
2	1359	0
2	1360	0
2	1361	0
2	1362	0
2	1363	0
2	1364	0
2	1365	2
2	1366	2
2	1367	2
2	1368	2
2	1369	2
2	1370	2
2	1371	0
2	1372	0
2	1373	2
2	1374	2
2	1375	2
2	1376	2
2	1377	2
2	1378	0
2	1379	0
2	1380	0
2	1381	0
2	1382	0
2	1383	0
2	1384	0
2	1385	0
2	1386	2
2	1387	2
2	1388	0
2	1389	0
2	1390	0
2	1391	0
2	1392	2
2	1393	0
2	1394	0
2	1395	0
2	1396	2
2	1397	2
2	1398	0
2	1399	0
2	1400	2
2	1401	0
2	1402	0
2	1403	2
2	1404	0
2	1405	0
2	1406	2
2	1407	0
2	1408	0
2	1409	0
2	1410	0
2	1411	2
2	1412	0
2	1413	0
2	1414	0
2	1415	0
2	1416	0
2	1417	2
2	1418	0
2	1419	2
2	1420	2
2	1421	0
2	1422	0
2	1423	2
2	1424	0
2	1425	0
2	1426	2
2	1427	0
2	1428	0
2	1429	2
2	1430	0
2	1431	0
2	1432	0
2	1433	0
2	1434	2
2	1435	0
2	1436	2
2	1437	0
2	1438	2
2	1439	0
2	1440	2
2	1441	2
2	1442	0
2	1443	0
2	1444	2
2	1445	2
2	1446	2
2	1447	0
2	1448	0
2	1449	2
2	1450	0
2	1451	0
2	1452	0
2	1453	2
2	1454	2
2	1455	0
2	1456	2
2	1457	0
2	1458	2
2	1459	0
2	1460	0
2	1461	0
2	1462	2
2	1463	2
2	1464	2
2	1465	2
2	1466	2
2	1467	0
2	1468	2
2	1469	2
2	1470	2
2	1471	0
2	1472	0
2	1473	2
2	1474	2
2	1475	2
2	1476	0
2	1477	2
2	1478	2
2	1479	2
2	1480	0
2	1481	2
2	1482	2
2	1483	2
2	1484	0
2	1485	2
2	1486	0
2	1487	2
2	1488	2
2	1489	2
2	1490	2
2	1491	2
2	1492	0
2	1493	0
2	1494	0
2	1495	0
2	1496	2
2	1497	0
2	1498	0
2	1499	2
2	1500	2
2	1501	2
2	1502	2
2	1503	2
2	1504	0
2	1505	0
2	1506	2
2	1507	0
2	1508	2
2	1509	2
2	1510	0
2	1511	0
2	1512	2
2	1513	2
2	1514	0
2	1515	2
2	1516	2
2	1517	0
2	1518	2
2	1519	2
2	1520	2
2	1521	0
2	1522	2
2	1523	2
2	1524	2
2	1525	0
2	1526	2
2	1527	2
2	1528	2
2	1529	2
2	1530	0
2	1531	2
2	1532	0
2	1533	0
2	1534	2
2	1535	2
2	1536	0
2	1537	0
2	1538	0
2	1539	0
2	1540	0
2	1541	2
2	1542	2
2	1543	0
2	1544	0
2	1545	0
2	1546	0
2	1547	2
2	1548	0
2	1549	2
2	1550	2
2	1551	0
2	1552	2
2	1553	2
2	1554	2
2	1555	2
2	1556	2
2	1557	0
2	1558	0
2	1559	2
2	1560	2
2	1561	2
2	1562	2
2	1563	2
2	1564	0
2	1565	0
2	1566	2
2	1567	2
2	1568	2
2	1569	2
2	1570	2
2	1571	0
2	1572	2
2	1573	2
2	1574	2
2	1575	0
2	1576	2
2	1577	2
2	1578	2
2	1579	2
2	1580	0
2	1581	2
2	1582	0
2	1583	2
2	1584	0
2	1585	0
2	1586	0
2	1587	2
2	1588	2
2	1589	0
2	1590	2
2	1591	0
2	1592	2
2	1593	0
2	1594	0
2	1595	0
2	1596	0
2	1597	0
2	1598	0
2	1599	2
2	1600	0
2	1601	2
2	1602	0
2	1603	0
2	1604	2
2	1605	2
2	1606	0
2	1607	2
2	1608	2
2	1609	0
2	1610	2
2	1611	0
2	1612	2
2	1613	0
2	1614	0
2	1615	2
2	1616	2
2	1617	2
2	1618	2
2	1619	0
2	1620	2
2	1621	0
2	1622	2
2	1623	2
2	1624	0
2	1625	0
2	1626	0
2	1627	0
2	1628	2
2	1629	2
2	1630	2
2	1631	0
2	1632	2
2	1633	0
2	1634	2
2	1635	2
2	1636	2
2	1637	2
2	1638	0
2	1639	2
2	1640	2
2	1641	2
2	1642	0
2	1643	0
2	1644	0
2	1645	2
2	1646	0
2	1647	0
2	1648	0
2	1649	0
2	1650	0
2	1651	2
2	1652	0
2	1653	0
2	1654	0
2	1655	2
2	1656	2
2	1657	0
2	1658	2
2	1659	2
2	1660	2
2	1661	2
2	1662	0
2	1663	0
2	1664	0
2	1665	0
2	1666	2
2	1667	2
2	1668	2
2	1669	2
2	1670	0
2	1671	2
2	1672	2
2	1673	2
2	1674	2
2	1675	2
2	1676	2
2	1677	0
2	1678	0
2	1679	2
2	1680	0
2	1681	2
2	1682	2
2	1683	2
2	1684	2
2	1685	0
2	1686	0
2	1687	2
2	1688	2
2	1689	0
2	1690	2
2	1691	0
2	1692	0
2	1693	2
2	1694	2
2	1695	0
2	1696	0
2	1697	2
2	1698	2
2	1699	2
2	1700	0
2	1701	2
2	1702	0
2	1703	0
2	1704	0
2	1705	0
2	1706	2
2	1707	0
2	1708	2
2	1709	2
2	1710	2
2	1711	0
2	1712	0
2	1713	0
2	1714	0
2	1715	2
2	1716	0
2	1717	0
2	1718	2
2	1719	0
2	1720	2
2	1721	2
2	1722	0
2	1723	2
2	1724	2
2	1725	2
2	1726	2
2	1727	2
2	1728	0
2	1729	0
2	1730	2
2	1731	2
2	1732	2
2	1733	2
2	1734	0
2	1735	2
2	1736	2
2	1737	2
2	1738	0
2	1739	0
2	1740	2
2	1741	0
2	1742	2
2	1743	0
2	1744	0
2	1745	0
2	1746	2
2	1747	2
2	1748	0
2	1749	2
2	1750	2
2	1751	0
2	1752	2
2	1753	2
2	1754	2
2	1755	2
2	1756	2
2	1757	2
2	1758	0
2	1759	0
2	1760	0
2	1761	2
2	1762	2
2	1763	0
2	1764	0
2	1765	2
2	1766	0
2	1767	2
2	1768	0
2	1769	0
2	1770	0
2	1771	2
2	1772	2
2	1773	2
2	1774	0
2	1775	2
2	1776	2
2	1777	2
2	1778	0
2	1779	0
2	1780	2
2	1781	2
2	1782	2
2	1783	0
2	1784	2
2	1785	2
2	1786	0
2	1787	0
2	1788	2
2	1789	2
2	1790	0
2	1791	0
2	1792	2
2	1793	2
2	1794	2
2	1795	2
2	1796	0
2	1797	0
2	1798	2
2	1799	2
2	1800	2
2	1801	0
2	1802	2
2	1803	2
2	1804	0
2	1805	0
2	1806	2
2	1807	0
2	1808	2
2	1809	2
2	1810	2
2	1811	0
2	1812	0
2	1813	2
2	1814	0
2	1815	0
2	1816	0
2	1817	2
2	1818	2
2	1819	0
2	1820	0
2	1821	0
2	1822	0
2	1823	2
2	1824	0
2	1825	2
2	1826	2
2	1827	0
2	1828	2
2	1829	0
2	1830	0
2	1831	0
2	1832	2
2	1833	2
2	1834	0
2	1835	2
2	1836	0
2	1837	2
2	1838	0
2	1839	0
2	1840	2
2	1841	0
2	1842	2
2	1843	0
2	1844	0
2	1845	0
2	1846	2
2	1847	0
2	1848	2
2	1849	2
2	1850	2
2	1851	0
2	1852	0
2	1853	0
2	1854	0
2	1855	0
2	1856	0
2	1857	2
2	1858	0
2	1859	0
2	1860	0
2	1861	2
2	1862	2
2	1863	2
2	1864	2
2	1865	2
2	1866	2
2	1867	2
2	1868	0
2	1869	0
2	1870	2
2	1871	0
2	1872	0
2	1873	0
2	1874	2
2	1875	0
2	1876	2
2	1877	0
2	1878	0
2	1879	2
2	1880	0
2	1881	2
2	1882	2
2	1883	2
2	1884	2
2	1885	0
2	1886	2
2	1887	0
2	1888	2
2	1889	2
2	1890	2
2	1891	2
2	1892	0
2	1893	2
2	1894	0
2	1895	2
2	1896	0
2	1897	0
2	1898	0
2	1899	0
2	1900	2
2	1901	0
2	1902	2
2	1903	2
2	1904	0
2	1905	2
2	1906	0
2	1907	2
2	1908	0
2	1909	2
2	1910	2
2	1911	0
2	1912	0
2	1913	2
2	1914	2
2	1915	2
2	1916	0
2	1917	0
2	1918	2
2	1919	0
2	1920	2
2	1921	0
2	1922	0
2	1923	0
2	1924	2
2	1925	0
2	1926	2
2	1927	0
2	1928	0
2	1929	2
2	1930	0
2	1931	0
2	1932	0
2	1933	2
2	1934	0
2	1935	0
2	1936	0
2	1937	2
2	1938	0
2	1939	0
2	1940	0
2	1941	0
2	1942	2
2	1943	2
2	1944	2
2	1945	0
2	1946	2
2	1947	0
2	1948	0
2	1949	2
2	1950	0
2	1951	0
2	1952	2
2	1953	2
2	1954	2
2	1955	2
2	1956	0
2	1957	2
2	1958	2
2	1959	2
2	1960	0
2	1961	0
2	1962	0
2	1963	2
2	1964	2
2	1965	2
2	1966	0
2	1967	2
2	1968	0
2	1969	2
2	1970	0
2	1971	2
2	1972	2
2	1973	0
2	1974	0
2	1975	0
2	1976	0
2	1977	0
2	1978	0
2	1979	2
2	1980	2
2	1981	2
2	1982	2
2	1983	0
2	1984	0
2	1985	0
2	1986	2
2	1987	2
2	1988	0
2	1989	2
2	1990	2
2	1991	2
2	1992	2
2	1993	0
2	1994	0
2	1995	2
2	1996	0
2	1997	0
2	1998	0
2	1999	2
2	2000	2
2	2001	2
2	2002	0
2	2003	2
2	2004	0
2	2005	2
2	2006	0
2	2007	0
2	2008	0
2	2009	0
2	2010	0
2	2011	0
2	2012	0
2	2013	0
2	2014	0
2	2015	0
2	2016	2
2	2017	0
2	2018	0
2	2019	2
2	2020	2
2	2021	0
2	2022	2
2	2023	2
2	2024	2
2	2025	2
2	2026	0
2	2027	0
2	2028	2
2	2029	0
2	2030	0
2	2031	0
2	2032	0
2	2033	0
2	2034	0
2	2035	0
2	2036	0
2	2037	0
2	2038	0
2	2039	0
2	2040	2
2	2041	0
2	2042	2
2	2043	0
2	2044	0
2	2045	0
2	2046	2
2	2047	0
2	2048	0
2	2049	2
2	2050	0
2	2051	0
2	2052	2
2	2053	2
2	2054	2
2	2055	0
2	2056	2
2	2057	0
2	2058	2
2	2059	2
2	2060	0
2	2061	2
2	2062	2
2	2063	0
2	2064	2
2	2065	2
2	2066	2
2	2067	2
2	2068	2
2	2069	2
2	2070	0
2	2071	0
2	2072	0
2	2073	2
2	2074	2
2	2075	0
2	2076	2
2	2077	2
2	2078	2
2	2079	2
2	2080	2
2	2081	2
2	2082	0
2	2083	2
2	2084	2
2	2085	0
2	2086	2
2	2087	2
2	2088	2
2	2089	2
2	2090	2
2	2091	2
2	2092	2
2	2093	2
2	2094	2
2	2095	0
2	2096	2
2	2097	0
2	2098	2
2	2099	0
2	2100	2
2	2101	0
2	2102	2
2	2103	2
2	2104	0
2	2105	2
2	2106	2
2	2107	2
2	2108	0
2	2109	0
2	2110	2
2	2111	2
2	2112	2
2	2113	0
2	2114	0
2	2115	2
2	2116	0
2	2117	2
2	2118	2
2	2119	2
2	2120	0
2	2121	0
2	2122	0
2	2123	0
2	2124	2
2	2125	2
2	2126	0
2	2127	2
2	2128	2
2	2129	2
2	2130	0
2	2131	0
2	2132	2
2	2133	2
2	2134	2
2	2135	2
2	2136	0
2	2137	0
2	2138	0
2	2139	0
2	2140	0
2	2141	2
2	2142	2
2	2143	2
2	2144	2
2	2145	0
2	2146	0
2	2147	2
2	2148	2
2	2149	0
2	2150	0
2	2151	0
2	2152	2
2	2153	0
2	2154	0
2	2155	2
2	2156	2
2	2157	2
2	2158	2
2	2159	2
2	2160	2
2	2161	2
2	2162	0
2	2163	0
2	2164	0
2	2165	0
2	2166	0
2	2167	0
2	2168	0
2	2169	2
2	2170	0
2	2171	0
2	2172	2
2	2173	2
2	2174	2
2	2175	2
2	2176	0
2	2177	2
2	2178	2
2	2179	2
2	2180	2
2	2181	2
2	2182	2
2	2183	2
2	2184	0
2	2185	0
2	2186	0
2	2187	0
2	2188	0
2	2189	0
2	2190	0
2	2191	0
2	2192	0
2	2193	2
2	2194	0
2	2195	2
2	2196	2
2	2197	2
2	2198	2
2	2199	0
2	2200	0
2	2201	0
2	2202	2
2	2203	0
2	2204	2
2	2205	0
2	2206	2
2	2207	2
2	2208	2
2	2209	0
2	2210	2
2	2211	0
2	2212	0
2	2213	0
2	2214	0
2	2215	0
2	2216	2
2	2217	0
2	2218	0
2	2219	2
2	2220	0
2	2221	0
2	2222	0
2	2223	2
2	2224	2
2	2225	2
2	2226	2
2	2227	0
2	2228	2
2	2229	0
2	2230	0
2	2231	0
2	2232	2
2	2233	0
2	2234	2
2	2235	0
2	2236	2
2	2237	2
2	2238	2
2	2239	0
2	2240	0
2	2241	2
2	2242	2
2	2243	2
2	2244	0
2	2245	0
2	2246	2
2	2247	0
2	2248	2
2	2249	2
2	2250	2
